Genus	A11	A21	A22	A31	A32	A41	A42	A51	A52	B11	B12	B21	B31	B32	B41	B42	B51	B52	C11	C12	C21	C22	C31	C41	C42	C51	C52	D11	D21	D31	D32	D41	D42	D51	D52	E11	E21	E22	E31	E32	E42	E51	E52	F11	F12	F21	F22	F31	F32	F41	F42	F51	G11	G22	G31	G32	G41	G42	G51	G52	H12	H21	H22	H31	H32	H41	H51	H52	I11	I12	I21	I22	I31	I41	I42	I51	I52	J21	J22	J31	J32	J41	J42	J51	J52	All
(Unassigned)	68.7	45.3	78.9	50.9	83.7	49.6	76.8	38	76.7	57.2	59	74.7	57.4	78.5	37.7	37.9	55.1	50.6	41.6	78.8	48.5	79.6	48.1	51.9	64.8	40.5	73.6	52	44.6	53.1	61	54	66.2	50.3	55.9	51.4	46.1	73.2	41.6	71.8	78.1	48.3	35	52.8	81.6	46.4	48.7	41.8	84.3	43.9	65.1	45.5	42.4	66.6	35.2	46.9	39.2	70	35.4	56.8	55.1	49.4	59.1	48	66.9	43.3	44.2	77.1	63.7	66.2	64.9	75.5	66.5	67.7	72.6	61	46.5	46.4	54.3	61	70	58.9	50.9	50.9	47.8	70.3
Bacteroides	4.31	11.8	2.97	10.9	2.82	7.61	3.96	11.6	4.58	8.52	11.2	4.35	8.26	2.32	18.3	11.1	10.3	5.71	43.8	3.48	30.6	3.46	35.4	31.1	18.2	46	4.77	25.9	31.3	29	13.3	33.4	7.23	29.3	10.5	29.1	33.3	4.5	21.4	4.02	4.17	35	11.1	32.4	5.56	29.1	16	38.9	2.89	35.4	6.71	30.1	15.8	8.84	32.9	25.6	33.4	6.27	42.1	17.9	18.4	30.2	13.4	28.2	7.67	36	36.1	6.21	26.2	11.7	25	7.56	16.8	17	7.12	29.6	16.9	43.5	10	32.3	8.61	31	20	35.9	11.1	9.6
Parabacteroides	2.66	13.3	4.79	12.1	4.7	11.1	4.78	19.8	6.32	9.81	15.5	6.63	12.4	4.85	22.9	11.8	12.5	6.72	6.58	3.86	8.05	5.14	7.4	7.88	10.1	7.52	5.71	11.7	9.71	6.7	9.6	7.7	6.72	10	9.4	4.84	7.2	3.55	3.53	4.56	3.82	5.17	4.54	5.34	8.08	9.09	19.2	8.32	5.18	10	8.86	12.3	7.86	12.2	7.7	13.4	7.92	8.09	4.99	12.4	17.1	7.09	12.8	8.22	11.9	8.02	7.13	9.08	5.78	14.7	6.72	6.48	6.1	8.3	6.63	6.27	17.5	5.01	14.7	3.9	10.5	2.94	12.4	7.24	10.7	3.1
Flintibacter	2.52	1.12	1.89	0.473	0.593	0.799	1.56	0.526	1.8	0.475	2.35	2.13	0.363	1.19	0.458	0.278	0.8	0.848	0.072	1.32	0.135	1.46	0.286	0.161	0.514	0.191	1.06	0.868	0.072	0.592	0.444	0.167	1.24	0.228	1.14	0.191	0.674	0.665	0.59	4.14	0.476	0.117	0.059	0.331	0.813	0.321	1.29	0.087	1.24	0.159	0.604	0.755	0.499	0.837	0.306	1.55	0.012	1.16	0.01	2.08	1.38	0.109	0.624	0.027	0.441	0.353	0.194	0.39	0.079	0.829	0.069	0.448	0.075	0.292	1.3	0.119	1.16	0.467	4.77	0.011	1	0.08	1.08	0.509	1.14	1.9
Parasutterella	2.12	3.08	0.414	1.91	0.369	0.906	0.938	2.58	1.07	1.66	3.02	0.254	1.38	0.867	3.12	3.58	1.03	1.7	2.17	0.915	0.955	0.971	1.72	1.89	0.735	0.714	0.96	1.73	1.04	2.18	1.39	1.21	0.89	1.88	0.825	1.08	3.45	1.3	4.27	1.87	1.11	1.42	2.18	2.33	0.828	2.01	2.81	2.09	0.432	3.38	1.93	1.82	2.46	1.01	2.35	1.48	1.86	2.58	0.808	1.34	2.88	1.75	2.22	1.82	1.92	1.13	0.784	1.01	0.183	1.36	0.239	0.956	0.055	0.051	1.15	0.21	1.7	0.344	1.43	0.152	0.617	0.126	1.02	0.385	1.04	1.0
Faecalibaculum	2.28	3.39	0.444	1.5	0.42	2.27	0.634	4.29	0.822	0	3	0.003	0	5.85	0	29.6	0	24.6	0.005	4.32	0.003	1.7	0.002	0	1.69	0	5.87	0	0	0	8.47	0	9.97	0	14.3	0.003	0.003	2.72	0	2.56	2.02	0.009	15.5	0.007	0.502	0.012	4.59	0.008	2.12	0.019	5.35	0.007	15.5	5.53	16.5	4.23	13.8	4.71	9.56	1.88	0.785	0.413	5.32	1.56	1.95	0.43	0.185	2.02	0.003	1.09	0.006	1.86	0	0.003	3.92	0	8.71	0	0.601	0	0.205	0.003	3.47	0	14.6	1.0
Bifidobacterium	1.87	5.88	0.197	1.67	0.228	1.75	0.605	6	0.64	1.63	0.172	0.154	0.619	0.194	3.29	0.84	1.24	0.606	0.625	0.195	1.09	0.054	0.69	0.896	0.027	0.565	0.126	0.796	1.55	0.745	0.023	0.175	0.106	1.28	0.105	1.27	1.76	0.143	7.28	0.054	0.207	2.32	0.491	1.11	0.014	1.17	0.084	1.91	0.056	1.58	0.097	0.253	1.9	0.368	0.611	0.132	0.313	0.114	0.298	0.02	0.118	1.3	0.269	1.3	0.122	2.31	1.82	0.16	0.052	0.069	0.04	0.0999	0.006	0.027	0.196	0.047	0.302	0.032	0.077	0.039	0.066	0.123	0.521	0.074	2.16	0.9
Clostridium_IV	0.697	0.658	0.228	0.76	0.24	0.283	0.68	0.484	0.646	0.308	1.26	0.619	0.789	1.56	0.179	0.17	0.853	0.149	1.29	0.861	0.428	3.59	0.797	0.526	1.82	0.902	2.33	0.623	2.84	0.539	1.15	0.762	2	0.612	2.34	5.23	0.706	2.51	1.72	1.19	0.795	1.11	0.348	0.564	0.219	0.601	0.441	1.93	0.437	0.124	1.86	1.89	0.607	0.415	0.527	0.88	0.369	0.891	1.12	1.19	0.719	0.399	0.258	0.66	0.795	0.58	1.39	0.645	0.344	0.349	0.934	2.86	1.09	0.608	1.52	0.235	0.314	1.35	2.94	0.118	1.14	0.727	1.48	1.06	0.206	0.9
Ruminococcus	0.103	0	0.315	0.309	0.413	0.552	0.275	2.32	0.403	0.03	0.34	0.037	0.015	0.126	0.134	0.42	0.342	0.499	0.581	0.324	1.03	0.102	0.744	0.599	0.257	0.621	0.173	0.308	1.49	0.602	0.179	0.036	0.878	1.34	0.547	0.934	0.282	1.44	0.201	0.353	0.916	0.685	4.39	0.78	0.424	2.48	1.47	0.923	0.368	0.793	1.11	0.97	1.82	0.411	1	1.81	1.42	0.167	1.48	0.551	0.602	1.36	1.27	0.274	0.603	1.08	0.716	0.696	0.292	0.297	0.774	0.796	0.093	0.188	0.798	0.888	0.828	1.4	0.17	0.579	0.977	2.23	0.605	1.24	0.82	0.7
Enterocloster	0.136	0.159	3.44	0.028	1.38	0.016	2.32	0.593	1.78	0.026	0.184	3.27	0.085	0.013	0.033	0.063	0.048	0.025	0.014	2.34	0.003	0.23	0.029	0.095	0.159	0.012	0.723	0.162	0.421	1.12	0.567	0.101	1.92	0.421	0.074	0.912	0.521	3.9	0.237	0.543	2.22	0.532	0.849	0.003	0.064	5.12	2.36	0.059	0.562	0.111	3.38	0.081	1.33	0.55	0.103	0.446	0.009	1.42	0.006	2.74	0.028	1.16	2.34	0.023	5.1	0.015	0.144	1.06	0.177	0.084	0.006	0.603	0.027	0.146	0.806	0.026	0.734	0.008	0.406	0.023	1.67	0.049	0.478	0.079	0.488	0.7
Lactobacillus	3.1	5.65	0.124	11	0.857	8.18	0.645	7.83	0.237	10.8	0.56	0.26	13.7	1.49	7.93	1.2	9.35	3.61	0.028	0.329	0.191	0.284	0.019	0.029	0.124	0.015	0.52	0.013	0.029	0.004	0.644	0	0.155	0.032	0.217	0.077	0.467	0.28	0.221	0.226	0.147	0.265	1.15	0.181	0.29	0.175	0.092	0.102	0.34	0.51	0.597	0.192	0.135	0.16	0	0.585	0	1.79	0.003	0.048	0.15	0.003	0.886	0.013	1.34	0.059	0.041	0.184	0	0.015	0.006	0.027	0	0	0.033	0	0.031	0.012	2.03	0	0.105	0.009	0.901	0.011	4.17	0.7
Limosilactobacillus	0.108	0.461	0.024	0.574	0.006	0.178	0.006	0.513	0	0.247	0.084	0.044	1.27	0.233	0.416	0.051	0.422	0.118	0.023	0.031	0.617	0	0.024	0.221	0	0.041	0	0.004	0.014	0.062	0.063	0	0.007	0.036	0.018	0.017	0.024	0.011	0.089	0	0.009	0.039	0.018	0.243	0.021	0.082	0.031	0.077	0.021	0.032	0.014	0.006	0.634	0.004	0.104	0.017	0	0.031	0.003	0.007	0	0.604	0.03	0.037	0.023	0.313	0.765	0.003	0	0.004	0	0.00499	0.009	0	0	0	0.012	0.077	0.034	0	0.015	0.036	0.128	0.023	0.087	0.7
Schaedlerella	3.83	0.499	2.03	1.6	2.23	11	4.25	0.362	1.79	2.89	0.172	1.54	0.3	0.42	0.34	0.772	1.06	2.62	0.108	0.16	0.389	0.205	0.222	1.26	0.16	0.161	2.06	0.221	0.173	0.602	1.23	0.274	0.722	0.102	2.03	0.926	1.03	1.37	1.51	2.41	3.86	0.27	0.809	0.456	0.141	0.09	0.046	0.075	0.278	0.105	0.394	0.566	0.067	0.5	0.214	0.398	0.287	0.603	1.05	0.378	0.023	0.415	0.013	0.069	0.07	0.139	0.132	0.153	0.14	1.77	0.063	1.01	5.34	1.71	1.78	0.04	3.42	0.032	1.59	0.124	1.56	0.376	2.48	0.317	0.317	0.7
Neglecta	0.563	0.072	0.228	0.137	0.198	0.269	0.147	0.108	0.166	0.376	0.236	0.226	0.166	0.16	0.063	0.125	0.315	0.137	0.045	0.066	0.035	0.199	0.025	0.03	0.018	0.019	0.472	0.213	0.032	0.06	0.055	0.059	0.056	0.035	0.231	0.269	0.072	0.079	0.127	0.081	0.044	0.051	0.046	0.098	0.056	0.068	0.038	0.077	0.104	0.026	0.107	0.124	0.361	0.35	0.055	0.154	0.059	0.088	0.056	0.228	0.207	0.058	0.024	0.091	0.052	0.037	0.216	0.108	0.122	0.091	0.04	0.158	0.116	0.021	0.063	0.022	0.105	0.028	0.072	0.006	0.097	0.021	0.183	0.345	0.079	0.5
Intestinimonas	0.242	0.116	0.031	0.12	0.049	0.063	0.111	0.171	0.113	0.137	0.268	0.217	0.075	0.287	0.191	0.057	0.092	0.037	0.068	0.138	0.074	0.247	0.092	0.155	0.23	0.075	0.141	0.133	0.193	0.061	0.17	0.059	0.077	0.136	0.125	0.373	0.203	0.243	0.211	0.217	0.069	0.132	0.07	0.08	0.142	0.139	0.076	0.062	0.056	0.173	0.102	0.186	0.085	0.115	0.171	0.193	0.031	0.074	0.03	0.111	0.423	0.032	0.146	0.057	0.122	0.093	0.026	0.078	0.04	0.061	0.063	0.167	0.034	0.051	0.117	0.047	0.09	0.061	0.184	0.023	0.14	0.056	0.056	0.147	0.083	0.5
Romboutsia	0.018	0.068	0.018	0.048	0.018	0.035	0.047	0.029	0.054	0.133	0.084	0.07	0.252	0.047	0.215	0.091	0.168	0.044	0.035	0.017	0.058	0.036	0.048	0.006	0	0.011	0.032	0.011	0.034	0.008	0.008	0	0.014	0.032	0.006	0.089	0.286	0.021	0.623	0.036	0	0.393	0.116	0.076	0	0.054	0.015	0.059	0	0.06	0.028	0.218	0.241	0.013	0.094	0.061	0.066	0.022	0.128	0.01	0.023	0.179	0.027	0.18	0.075	0.142	0.12	0.023	0.138	0.012	0.08	0.028	0.269	0.262	0.042	0.08	0.016	0.04	0.043	0.018	0.012	0.08	0.081	0.039	0.297	0.5
Clostridium_sensu_stricto	0.171	0.268	0.092	0.213	0.117	0.076	0.205	0.357	0.361	0.222	0.1	0.154	0.193	0.067	0.319	0.073	0.346	0.025	0.105	0	0.305	0.006	0.386	0.211	0.009	0.09	0	0.458	0.689	0.177	0.063	0.088	0.028	0.258	0	0.065	0.173	0.031	1.02	0.072	0.052	0.258	0.006	0.268	0	0.316	0.031	0.561	0.021	0.472	0	0.478	0.076	0	0.078	0.02	0.072	0.03	0.147	0.031	0	0.369	0.014	0.267	0.012	0.49	0.068	0	0.203	0.008	0.028	0.037	0.147	0.161	0.072	0.116	0.03	0.081	0.017	0.017	0.014	0.12	0.072	0.062	0.256	0.5
Anaerotignum	0.988	0.053	0.236	0.342	0.136	0.159	0.182	0.133	0.409	0.295	0.216	0.462	0.026	0.08	0.32	0.046	0.134	0.038	0.099	0.235	0.003	0.042	0.023	0.069	0.027	0.03	0.205	0.152	0.026	0.297	0.04	0.063	0	0.137	0.068	0.263	0.134	0.053	0.123	0.254	0.061	0.024	0	0.153	0.021	0.029	0.008	0.022	0.181	0.038	0.061	0.039	0.147	0.239	0.051	0.071	0.05	0.167	0.007	0.024	0.066	0.499	0.0831	0.003	0.006	0.077	0.012	0.17	0.029	0.034	0.006	0.0949	0.168	0.021	0.05	0.014	0.089	0.024	0	0.023	0.015	0	0.006	0.023	0.027	0.5
Eubacterium	0.025	0.06	0.13	0.1	0.161	0.063	0.294	0.134	0.101	0.051	0.344	0.031	0.171	0.127	0.537	0.034	0.281	0.125	0.028	0.022	0.338	0.103	0.413	0.079	0	0.229	0.094	0.443	0.334	0.226	0.171	0.062	0.58	0.041	0.354	0.42	0.774	0.074	1.2	0.054	0.104	0.992	0.572	0.139	0.127	0.285	0.882	0.021	0.049	1.07	0.639	0.348	0.006	0.053	0.119	0.517	0.164	0.339	0.026	0.519	0	0.93	0	0.07	0.006	0.961	0.307	0	0.072	0.118	0.039	0.194	0.003	0.105	0.004	0	0.313	0.682	0.124	1.02	0.235	1.32	0.131	0.011	0.524	0.5
Acutalibacter	0.824	0.038	0.167	0.491	0.297	0.194	0.076	0.086	0.171	0.184	0.176	0.754	0.167	0.28	0.111	0.125	0.538	0.206	0.023	0.653	0.042	0.393	0.039	0.205	0.257	0.004	0.047	0.131	0.319	0.102	0.078	0.208	0.46	0.174	0.398	0.017	0.536	0.058	0.084	0.054	0.095	0.036	0	0.049	0.071	0.117	0.015	0.062	0.118	0.054	0.093	0.133	0.155	0.204	0.016	0.126	0.033	0.427	0.053	0.263	0.099	0.156	0.122	0.054	0.25	0.161	0.073	0.246	0.016	0.111	0.04	0.28	0.375	0.101	0.192	0.025	0.089	0.02	0.503	0.017	0.202	0.093	0.092	0.012	0.207	0.3
Ligilactobacillus	1.56	4.86	0.031	1.29	0.018	1.38	0.071	1.79	0.03	1.73	0.008	0.528	0.401	0.06	1.17	0.029	1.18	0.012	0.281	0.018	0.75	0.006	0.818	0.291	0.009	0.116	0.016	0.243	0.168	0.109	0.016	0.094	0.014	0.233	0.018	0.047	0.086	0.032	0.608	0.009	0	0.144	0.185	0.055	0.007	0.054	0.061	0.056	0.014	0.032	0.032	0.049	0.393	0.013	0.252	0.034	0.064	0.008	0.569	0.01	0.005	0.257	0.01	0.357	0.006	0.329	0.553	0.01	0.075	0.019	0.039	0.0949	0.053	0.078	0.08	0.052	0.093	0	0.017	0	0.036	0.031	0.134	0.046	0.138	0.3
Oscillibacter	0.68	0.329	0.939	0.535	0.333	0.178	0.734	0.292	1.25	0.162	0.86	1.72	0.304	0.247	0.221	0.096	0.991	0.649	0.005	0.226	0.003	0.562	0.007	0.016	0.177	0.007	0.787	0.073	0.007	0.17	0.706	0.085	0.035	0.024	0.236	0.041	0.22	0.259	0.088	1.61	0.406	0.042	0.012	0.083	0.028	0.025	0.114	0.032	0.528	0.013	0.171	0.169	0.795	0.611	0.039	0.17	0.006	0.061	0.02	0.515	0.949	0.008	0.178	0.027	0.092	0.053	0.07	0.16	0.01	0.368	0.017	0.135	0.028	0.027	0.155	0.011	0.441	0.008	0.26	0	0.455	0.003	0.141	0.056	0.048	0.3
Escherichia/Shigella	0.003	0	0	0	0	0	0.006	0	0	0.004	0.008	0	0.004	0	0.003	0	0	0.006	0.049	0	0.009	0.006	0.07	0.099	0.018	0.037	0	1.23	0.129	0.109	0	0.124	0	0.519	0	0.006	0.182	0	2.18	0	0.009	0.069	0	0.017	0	0.011	0.008	0.005	0	0.131	0.005	0	0.009	0.004	0.41	0	0.025	0	0.144	0	0	0.182	0	5.95	0	0.995	0.52	0	0.016	0	0.034	0	0.237	0.072	0	0.028	0.004	0.057	0.004	0.028	0	0.207	0	0.074	0.003	0.3
Turicibacter	0.748	2.18	0.025	1.06	0.081	1.02	0.047	0.792	0.106	1.29	0.148	0.063	0.667	0.134	0.799	0.37	0.888	0.112	2.04	0.089	5.74	0.327	2.2	1.99	0.115	1.92	0.188	2.02	4.38	2.19	0.101	1	0.163	2.15	0.105	1.32	0.958	0.085	10.2	0.027	0.017	1.95	0.133	1.69	0.014	1.61	0.046	2.32	0.007	1.33	0.037	3.29	2.68	0.013	0.581	0.051	0.605	0.048	1.4	0.007	0.042	2.55	0.101	2.33	0.087	2.48	3.92	0.039	1.86	0.057	0.546	0.028	1.89	2.27	0.213	0.923	0.038	0.151	0.064	0.298	0.065	0.676	0.35	0.538	0.667	0.3
Paludicola	0.04	0.004	0.068	0.044	0.019	0.041	0.018	0.003	0.012	0.047	0.04	0.041	0.022	0	0.003	0.006	0.027	0.012	0.002	0.04	0.029	0.121	0.019	0.017	0.035	0	0.016	0.013	0.017	0.011	0	0.029	0.014	0	0	0	0.009	0.016	0.005	0	0	0.012	0.012	0.091	0.021	0.007	0	0.035	0.014	0.006	0.014	0.003	0.009	0.004	0.01	0.003	0	0	0.003	0.017	0.014	0.057	0.003	0.033	0.006	0	0.044	0.007	0	0.008	0.006	0.027	0.022	0.003	0.017	0.003	0.004	0.008	0.004	0	0.018	0.003	0.007	0.006	0.017	0.2
Ruthenibacterium	0.009	0.011	0	0.004	0.006	0.016	0	0.019	0.041	0	0.008	0.009	0.004	0	0.009	0.023	0.027	0	0.005	0.004	0.003	0.036	0.01	0.017	0.018	0.011	0	0.026	0.002	0	0	0.007	0.028	0.012	0.031	0.019	0.012	0.216	0.01	0.308	0.251	0.006	0.878	0	0.007	0	0.046	0.003	0.007	0.003	0.023	0	0.276	0.266	0.291	0.459	0.119	0.344	0.261	0	0.306	0.016	0.318	0.02	0.087	0.012	0	0.114	0.003	0.422	0	0.14	0.003	0.006	0.288	0.003	0.259	0.016	0.542	0	0.368	0.022	0.446	0.136	0.504	0.2
Roseburia	0.068	0.008	1.5	0	0	0.003	0.047	0.019	0.148	0	0.004	0	0.022	0	0	0	0.007	0.031	0	0.173	0	0.042	0	0	0.053	0	0	0.002	0.005	0	0	0.003	0	0.003	0	0	0	0.011	0.015	0.018	0.009	0	0	0.003	0.085	0.004	0.091	0	0	0	0.069	0	0.003	0.031	0	0.027	0.003	0	0	0	0	0.005	0.007	0	0.052	0	0	0.046	0	0	0	0.00499	0.003	0.003	0.033	0	0	0	0.226	0	0.509	0	0.147	0	0.193	0.2
Streptococcus	0.016	0.011	0.012	0.008	0	0.006	0	0.016	0.006	0.047	0.008	0.019	0.022	0	0.009	0.006	0.007	0.025	0.023	0.004	0.019	0.006	0.051	0.013	0	0.007	0	0.044	0.041	0.034	0	0	0	0.075	0.006	0.003	0.039	0.005	0.064	0	0.009	0.027	0.006	0.003	0	0.007	0	0.011	0	0.013	0	0.013	0.038	0.004	0.01	0	0.008	0.004	0.04	0.003	0.005	0.016	0	0.06	0.006	0.05	0.02	0.007	0.092	0	0.011	0	0.191	0.125	0.004	0.033	0	0	0	0	0.018	0.031	0.029	0.006	0	0.2
Staphylococcus	0.003	0	0.352	0	0.049	0.003	0.018	0	0.024	0	0.028	0	0.004	0.06	0.003	0.051	0	0.131	0.007	0.102	0.003	0.006	0.002	0	0.018	0.004	0.031	0.002	0	0	0.008	0	0.021	0.006	0.056	0.003	0.003	0.016	0	0	0.035	0.003	0.04	0	0	0.004	0.441	0	0.014	0	0.046	0.003	0	0.093	0	0.031	0	0.009	0	0.055	0.009	0	0.003	0	0.093	0	0	0.02	0.007	0.019	0	0.032	0.006	0.009	0.063	0.003	0.019	0	0.021	0	0.054	0	0.046	0	0.515	0.2
Anaeroplasma	0.065	0.008	0	0	0.031	0	0.006	0	0	0	0.072	0.009	0.048	0.407	0.018	0.034	0	0.012	0.005	0.377	0	0.338	0	0.01	0.044	0	0	0.026	0	0.049	0.023	0	0.085	0.003	0.012	0.796	0	0	0.132	0.027	0.009	0.18	0	0	0	0.195	0.008	0	0.007	0.048	0	0.137	0.003	0	0	0	0	0	0.124	0.045	0	0.039	0.003	0	0.006	0.003	0.015	0	0	0	0	0.018	0	0.006	0	0	0	0.045	0	0	0.628	0	0.413	0	0.2	0.2
Clostridium_XVIII	0.04	0.129	0.012	0.121	0	0.025	0	0.083	0	0.077	0.008	0.057	0.074	0.007	0.051	0.011	0.051	0.019	0.136	0.022	0.208	0.006	0.15	0.04	0	0.049	0	0.129	0.17	0.143	0.023	0.033	0	0.25	0.006	0.033	0.241	0	0.132	0	0	0.105	0.006	0.052	0	0.064	0.015	0.134	0.007	0.083	0	0.228	0.088	0	0.036	0.007	0.042	0.004	0.094	0	0	0.091	0.007	0.133	0.012	0.127	0.146	0.01	0.184	0.008	0.046	0	0.194	0.119	0	0.047	0	0.049	0	0.062	0	0.17	0.039	0.102	0	0.2
Amedibacillus	0	0	0	0	0	0	0	0	0	0.154	0	0	0.044	0	0.054	0	0.027	0	0.04	0.004	0.101	0	0.027	0.033	0	0.034	0	0.009	0.1	0.06	0	0.046	0.007	0.02	0	0.105	0.021	0.011	0.078	0	0	0.057	0	0.063	0	0.068	0	0.048	0	0.01	0	0.059	0.021	0.004	0.006	0.007	0	0.026	0	0.014	0	0.018	0	0.013	0	0.019	0.026	0.01	0.02	0.004	0.046	0.00899	0.028	0.069	0.017	0.025	0.019	0.024	0.026	0.011	0.014	0.099	0.007	0.068	0.007	0.2
Adlercreutzia	0.04	0.038	0.006	0.093	0	0.082	0.012	0.086	0.006	0.115	0.008	0.019	0.048	0.013	0.066	0.011	0.069	0.044	0.03	0.004	0.065	0	0.014	0.026	0	0.019	0	0.033	0.022	0.019	0.016	0.01	0	0.026	0	0.022	0.062	0.005	0.083	0	0	0.039	0.012	0.077	0	0.064	0	0.024	0	0.077	0.009	0.039	0.032	0.004	0.061	0.003	0.025	0	0.013	0.003	0.005	0.042	0.003	0.037	0	0.062	0.032	0.016	0.033	0.004	0.023	0.036	0.106	0.113	0.004	0.017	0.012	0.012	0.013	0.006	0.011	0.099	0.023	0.045	0.014	0.2
Akkermansia	0	0	0.006	0.004	0.031	0	0.006	0.003	0	0	0.016	0	0	0.007	0.003	0	0	0.012	0	0	0	0	0.005	0.003	0	0	0	0	0	0.011	0.008	0	0	0.012	0.006	0.006	0.003	2.73	0.01	2.97	0.57	0.006	20.4	0.003	0.354	0.007	0.16	0	0.076	0.01	1.96	0.013	0.003	0.115	0	0.01	0.006	0.004	0.003	0	0	0	0.003	0.003	0	0	0	0	0	0.027	0.006	0.045	0	0	0.355	0.006	0.015	0	3.83	0	0.007	0	0.544	0	0.035	0.2
Frisingicoccus	0.05	0.011	0.043	0.177	0.012	0.01	0.053	0.254	0.03	0.077	0.072	0.006	0.07	0.04	0.236	0.131	0.021	0.081	0.021	0.036	0.058	0.048	0.036	0.026	0.018	0.019	0.047	0.192	0.017	0.019	0.116	0.088	0.17	0.218	0.217	0.022	0.048	0.058	0.029	0.045	0.026	0.033	0.3	0.066	0.064	0.103	0.297	0.019	0.139	0.035	0.143	0.007	0.091	0.111	0.045	0.088	0.006	0.141	0	0.163	0.033	0.057	0.15	0.047	0.139	0.059	0.076	0.062	0.023	0.076	0.028	0.0499	0.009	0.149	0.171	0.022	0.17	0.016	0.166	0.022	0.025	0.062	0.262	0.051	0.421	0.2
Mucispirillum	0.559	0.121	0	0.664	0.006	1.12	0	0.057	0	0.594	0	0.948	0.141	0	0.298	0	1.23	0.012	0.012	0	0.016	0.006	0.027	0.036	0	0.015	0	0.046	0.041	0.775	0	0.02	0	0.009	0	0	0.018	0	0	0	0	0	0	0.296	0	0.032	0	0.046	0	0.016	0	0.033	3.36	0	0.052	0	0.028	0	0.013	0	0	0.125	0.129	0	0	0	0	0	0.003	0	0.006	0	0.019	0.012	0	0.008	0	0.008	0	0	0	0	0	0.017	0	0.2
Olsenella	0	0	0	0	0	0	0	0	0	0	0	0	0	0	0	0	0	0	0	0	0	0	0	0	0	0	0	0	0	0	0.023	0	0.028	0	0.043	0.03	0.155	0.074	0.152	0.009	0	0.06	0.15	0	0	0	0.015	0	0.028	0	0.097	0	0	0	0	0	0	0.004	0	0	0	0	0	0	0	0	0	0	0	0.019	0	0.032	0	0	0.033	0	0.012	0	0.009	0	0.004	0	0.036	0	0.149	0.2
Lachnospiracea_incertae_sedis	0.479	0.155	0.161	0.39	0.234	0.571	0.199	0.331	0.047	0.282	0.284	0.367	0.159	0.18	0.277	0.772	0.363	0.206	0	0.537	0.003	0.326	0	0	0.221	0	0.016	0	0	0	0.264	0	0.17	0	0.553	0	0	0.164	0	0.208	0.156	0	0.399	0	0.113	0	0.289	0	0.097	0	0.162	0	0	0.177	0	0.428	0	0.189	0	0.305	0.306	0	0	0	0	0	0	0	0	0	0	0	0	0	0.004	0	0	0	0.503	0	0.411	0	0.924	0	0.819	0.2
Harryflintia	0.18	0.072	0.093	0.032	0.136	0.14	0.111	0.13	0.047	0.085	0.088	0.157	0.089	0.053	0.048	0.017	0.075	0.031	0	0.124	0	0.314	0	0	0.071	0	0.031	0	0	0	0	0	0	0	0	0	0	0.011	0	0.163	0.078	0	0	0	0.191	0	0.046	0	0.167	0.006	0.148	0	0.006	0.031	0	0.044	0	0.044	0	0.007	0.014	0	0.073	0	0.041	0	0	0.059	0.003	0.053	0.006	0.041	0	0	0.079	0	0.031	0.032	0.183	0	0.083	0	0.108	0.011	0.086	0.2
Ihubacter	0.146	0.155	0.056	0.342	0.123	0.212	0.129	0.2	0.083	0.299	0.1	0.104	0.189	0.14	0.197	0.148	0.175	0.144	0.105	0.155	0.14	0.054	0.109	0.086	0.106	0.082	0	0.107	0.054	0.041	0.078	0.059	0.057	0.07	0.149	0.053	0.294	0.111	0.162	0.072	0.164	0.06	0.191	0.125	0.12	0.156	0.228	0.129	0.097	0.159	0.093	0.072	0.062	0.089	0.149	0.15	0.056	0.128	0.074	0.256	0.085	0.125	0.0871	0.113	0.122	0.168	0.137	0.079	0.108	0.053	0.074	0.131	0.059	0.128	0.134	0.091	0.108	0.057	0.111	0.185	0.105	0.305	0.21	0.408	0.086	0.2
