Sample	berger_parker	buzas_gibson	chao1	dominance	equitability	jost	jost1	reads	richness	robbins	simpson	shannon_e	shannon_2	shannon_10
A11	0.0475	0.00164	499.0	0.988	0.821	110.8	164.1	99994.0	499.0	0	0.012	5.10	7.36	2.21
A21	0.108	0.00107	492.0	0.974	0.754	57.8	106.9	100006.0	492.0	0	0.026	4.67	6.74	2.03
A22	0.0438	0.0015	462.0	0.987	0.817	101.6	150.1	99999.0	462.0	0	0.0129	5.01	7.23	2.18
A31	0.098	0.00122	462.0	0.975	0.783	64.8	121.9	99964.0	462.0	0	0.0252	4.80	6.93	2.09
A32	0.0868	0.00123	469.0	0.980	0.783	73.4	123.4	100030.0	469.0	0	0.0199	4.82	6.95	2.09
A41	0.104	0.00102	471.0	0.970	0.752	52.3	102.3	100006.0	471.0	0	0.0304	4.63	6.68	2.01
A42	0.0361	0.00172	498.0	0.989	0.829	116.2	171.9	100005.0	498.0	0	0.0114	5.15	7.43	2.24
A51	0.171	0.000838	494.0	0.956	0.714	38.1	83.8	100002.0	494.0	0	0.0439	4.43	6.39	1.92
A52	0.0868	0.00139	481.0	0.983	0.799	84.8	139.3	100034.0	481.0	0	0.0174	4.94	7.12	2.14
B11	0.098	0.00112	429.0	0.975	0.779	62.4	112.1	100004.0	429.0	0	0.0246	4.72	6.81	2.05
B12	0.110	0.00146	490.0	0.979	0.805	80.4	146.2	100042.0	490.0	0	0.0205	4.99	7.19	2.17
B21	0.0696	0.00152	468.0	0.985	0.817	96.3	152.2	99990.0	468.0	0	0.0151	5.03	7.25	2.18
B31	0.125	0.00107	481.0	0.968	0.757	51.6	107.3	100016.0	481.0	0	0.0324	4.68	6.75	2.03
B32	0.0729	0.000968	416.0	0.977	0.758	59.8	96.8	100010.0	416.0	0	0.0228	4.57	6.60	1.99
B41	0.171	0.000805	437.0	0.956	0.722	38.2	80.5	100033.0	437.0	0	0.044	4.39	6.33	1.91
B42	0.257	0.000685	450.0	0.924	0.692	24.7	68.5	100004.0	450.0	0	0.0762	4.23	6.10	1.84
B51	0.0942	0.00125	476.0	0.976	0.783	67.0	125.1	100000.0	476.0	0	0.0237	4.83	6.97	2.10
B52	0.207	0.000942	470.0	0.950	0.739	38.4	94.2	99962.0	470.0	0	0.0504	4.55	6.56	1.97
C11	0.111	0.000701	428.0	0.963	0.701	38.8	70.1	99981.0	428.0	0	0.037	4.25	6.13	1.85
C12	0.215	0.000874	450.0	0.947	0.732	36.2	87.3	99972.0	450.0	0	0.0533	4.47	6.45	1.94
C21	0.104	0.000625	397.0	0.960	0.691	34.7	62.4	99969.0	397.0	0	0.04	4.13	5.96	1.80
C22	0.0514	0.00143	434.0	0.986	0.817	97.2	142.8	99979.0	434.0	0	0.0137	4.96	7.16	2.15
C31	0.112	0.000776	421.0	0.965	0.720	42.8	77.6	99979.0	421.0	0	0.0345	4.35	6.28	1.89
C41	0.0997	0.000923	422.0	0.974	0.749	54.1	92.3	100000.0	422.0	0	0.0265	4.53	6.53	1.97
C42	0.0843	0.00126	429.0	0.981	0.798	78.1	126.4	100025.0	429.0	0	0.0186	4.84	6.98	2.10
C51	0.107	0.000878	391.0	0.973	0.750	52.8	87.8	99988.0	391.0	0	0.0274	4.48	6.46	1.94
C52	0.0594	0.00118	357.0	0.983	0.811	77.9	117.5	99981.0	357.0	0	0.0171	4.77	6.88	2.07
D11	0.109	0.000786	431.0	0.966	0.720	42.3	78.6	99992.0	431.0	0	0.0345	4.36	6.30	1.90
D21	0.114	0.000595	421.0	0.954	0.676	31.3	59.5	99983.0	421.0	0	0.0455	4.09	5.90	1.77
D31	0.144	0.000782	428.0	0.960	0.720	39.3	78.3	100029.0	428.0	0	0.0398	4.36	6.29	1.89
D32	0.0607	0.00154	457.0	0.986	0.823	99.8	154.2	100021.0	457.0	0	0.014	5.04	7.27	2.19
D41	0.0989	0.000899	420.0	0.970	0.745	49.3	89.9	100012.0	420.0	0	0.0305	4.50	6.49	1.95
D42	0.0974	0.00124	446.0	0.978	0.790	71.1	124.1	99968.0	446.0	0	0.0219	4.82	6.96	2.09
D51	0.195	0.000457	444.0	0.930	0.627	21.4	45.7	100032.0	444.0	0	0.0695	3.82	5.52	1.66
D52	0.116	0.00118	457.0	0.975	0.778	63.4	117.5	99975.0	457.0	0	0.0251	4.77	6.88	2.07
E11	0.0794	0.00109	445.0	0.977	0.769	63.4	108.5	100017.0	445.0	0	0.0228	4.69	6.76	2.04
E21	0.117	0.00097	450.0	0.972	0.749	53.2	97.1	100037.0	450.0	0	0.0284	4.58	6.60	1.99
E22	0.184	0.000875	439.0	0.957	0.735	41.4	87.5	100005.0	439.0	0	0.0429	4.47	6.45	1.94
E31	0.0938	0.000687	418.0	0.964	0.701	38.1	68.7	100023.0	418.0	0	0.0364	4.23	6.10	1.84
E32	0.0791	0.00129	453.0	0.981	0.794	75.5	128.5	99964.0	453.0	0	0.0195	4.86	7.01	2.11
E42	0.216	0.000799	420.0	0.945	0.725	33.8	79.9	100017.0	420.0	0	0.0551	4.38	6.32	1.90
E51	0.115	0.000633	429.0	0.957	0.684	33.2	63.3	99973.0	429.0	0	0.0433	4.15	5.98	1.80
E52	0.204	0.000526	394.0	0.930	0.663	22.9	52.6	100031.0	394.0	0	0.07	3.96	5.72	1.72
F11	0.0816	0.00104	446.0	0.974	0.761	57.8	104.0	99954.0	446.0	0	0.0256	4.64	6.70	2.02
F12	0.0614	0.00101	420.0	0.978	0.764	61.3	100.9	99957.0	420.0	0	0.0223	4.61	6.66	2.00
F21	0.0805	0.00108	450.0	0.977	0.767	62.7	108.1	100019.0	450.0	0	0.0231	4.68	6.76	2.03
F22	0.100	0.00148	447.0	0.982	0.819	89.6	148.0	100019.0	447.0	0	0.0176	5.00	7.21	2.17
F31	0.135	0.000707	438.0	0.959	0.700	36.3	70.7	99996.0	438.0	0	0.0415	4.26	6.14	1.85
F32	0.0656	0.00116	417.0	0.980	0.788	71.1	115.9	100024.0	417.0	0	0.0196	4.75	6.86	2.06
F41	0.118	0.000758	432.0	0.963	0.713	40.0	75.8	100011.0	432.0	0	0.0373	4.33	6.24	1.88
F42	0.0616	0.00144	477.0	0.985	0.806	91.5	144.1	100026.0	477.0	0	0.0153	4.97	7.17	2.16
F51	0.0997	0.000698	445.0	0.962	0.696	37.5	69.8	100028.0	445.0	0	0.0382	4.25	6.12	1.84
G11	0.167	0.000448	416.0	0.934	0.631	21.9	44.8	100017.0	416.0	0	0.066	3.80	5.49	1.65
G22	0.0958	0.00109	449.0	0.974	0.767	59.3	108.5	99982.0	449.0	0	0.0262	4.69	6.76	2.04
G31	0.154	0.000623	402.0	0.951	0.689	31.3	62.3	99988.0	402.0	0	0.0488	4.13	5.96	1.79
G32	0.0858	0.00133	477.0	0.980	0.793	76.4	132.7	100009.0	477.0	0	0.0198	4.89	7.05	2.12
G41	0.127	0.000689	369.0	0.963	0.716	39.5	68.9	100013.0	369.0	0	0.0366	4.23	6.11	1.84
G42	0.063	0.00142	457.0	0.985	0.809	90.3	141.8	99976.0	457.0	0	0.0155	4.95	7.15	2.15
G51	0.117	0.00064	371.0	0.960	0.703	35.7	63.9	99985.0	371.0	0	0.0399	4.16	6.00	1.81
G52	0.0866	0.00109	403.0	0.977	0.783	65.2	109.5	99987.0	403.0	0	0.0225	4.70	6.77	2.04
H12	0.119	0.00108	420.0	0.974	0.775	59.6	108.1	100003.0	420.0	0	0.0264	4.68	6.76	2.03
H21	0.121	0.000674	426.0	0.958	0.696	35.2	67.5	100015.0	426.0	0	0.0416	4.21	6.08	1.83
H22	0.0873	0.00117	456.0	0.978	0.777	67.4	116.5	99932.0	456.0	0	0.0221	4.76	6.86	2.07
H31	0.0983	0.000715	393.0	0.969	0.715	43.3	71.4	99978.0	393.0	0	0.0314	4.27	6.16	1.85
H32	0.0874	0.00135	438.0	0.982	0.806	83.6	134.9	99994.0	438.0	0	0.0176	4.90	7.08	2.13
H41	0.162	0.000614	394.0	0.954	0.689	32.3	61.3	99987.0	394.0	0	0.0463	4.12	5.94	1.79
H51	0.0943	0.000699	372.0	0.967	0.717	41.6	69.9	100006.0	372.0	0	0.033	4.25	6.13	1.84
H52	0.0712	0.0013	468.0	0.981	0.791	76.5	129.7	100001.0	468.0	0	0.0194	4.87	7.02	2.11
I11	0.217	0.000484	382.0	0.931	0.653	22.9	48.4	99996.0	382.0	0	0.069	3.88	5.60	1.69
I12	0.111	0.00084	440.0	0.964	0.728	43.1	84.0	100022.0	440.0	0	0.0356	4.43	6.39	1.92
I21	0.200	0.000576	362.0	0.943	0.688	27.9	57.6	100016.0	362.0	0	0.0575	4.05	5.85	1.76
I22	0.0577	0.00139	465.0	0.984	0.803	88.0	139.0	100101.0	465.0	0	0.0158	4.93	7.12	2.14
I31	0.0794	0.000731	398.0	0.970	0.717	44.5	73.1	99964.0	398.0	0	0.03	4.29	6.19	1.86
I41	0.0805	0.000751	395.0	0.971	0.722	45.8	75.1	100020.0	395.0	0	0.0294	4.32	6.23	1.88
I42	0.0632	0.00133	474.0	0.983	0.794	81.4	133.1	100003.0	474.0	0	0.0174	4.89	7.06	2.12
I51	0.166	0.000687	389.0	0.954	0.709	34.8	68.7	100021.0	389.0	0	0.0459	4.23	6.10	1.84
I52	0.120	0.00107	452.0	0.971	0.765	55.9	107.4	100003.0	452.0	0	0.0286	4.68	6.75	2.03
J21	0.093	0.00071	373.0	0.965	0.720	40.8	71.0	99984.0	373.0	0	0.0349	4.26	6.15	1.85
J22	0.110	0.000994	444.0	0.972	0.754	54.1	99.4	99992.0	444.0	0	0.0282	4.60	6.64	2.00
J31	0.240	0.000534	306.0	0.929	0.695	24.4	53.4	100013.0	306.0	0	0.0707	3.98	5.74	1.73
J32	0.082	0.00124	465.0	0.979	0.785	71.5	123.8	99997.0	465.0	0	0.0209	4.82	6.95	2.09
J41	0.126	0.000732	384.0	0.964	0.722	40.7	73.2	99976.0	384.0	0	0.0362	4.29	6.19	1.86
J42	0.0874	0.00136	455.0	0.982	0.803	83.2	136.4	99991.0	455.0	0	0.0179	4.92	7.09	2.13
J51	0.0919	0.000855	383.0	0.969	0.748	48.0	85.5	100010.0	383.0	0	0.0306	4.45	6.42	1.93
J52	0.126	0.000842	467.0	0.964	0.721	43.0	84.2	99976.0	467.0	0	0.0355	4.43	6.40	1.93
